0.9845 0.0000 0.0000 0.0000 0.0000 0.0000 0.0000 0.0000 0.0000 0.0000
0.9831 0.9814 0.0000 0.0000 0.0000 0.0000 0.0000 0.0000 0.0000 0.0000
0.9772 0.9785 0.9795 0.0000 0.0000 0.0000 0.0000 0.0000 0.0000 0.0000
0.9738 0.9717 0.9770 0.9771 0.0000 0.0000 0.0000 0.0000 0.0000 0.0000
0.9528 0.9710 0.9743 0.9724 0.9727 0.0000 0.0000 0.0000 0.0000 0.0000
0.9364 0.9571 0.9697 0.9668 0.9715 0.9706 0.0000 0.0000 0.0000 0.0000
0.9240 0.9539 0.9653 0.9601 0.9688 0.9662 0.9661 0.0000 0.0000 0.0000
0.9053 0.9483 0.9462 0.9519 0.9620 0.9640 0.9632 0.9641 0.0000 0.0000
0.8899 0.9348 0.9273 0.9443 0.9563 0.9573 0.9587 0.9604 0.9654 0.0000
0.8624 0.9322 0.9191 0.9449 0.9481 0.9516 0.9521 0.9536 0.9595 0.9645
