0.9791 0.0000 0.0000 0.0000 0.0000 0.0000 0.0000 0.0000 0.0000 0.0000
0.9785 0.9774 0.0000 0.0000 0.0000 0.0000 0.0000 0.0000 0.0000 0.0000
0.9786 0.9778 0.9777 0.0000 0.0000 0.0000 0.0000 0.0000 0.0000 0.0000
0.9769 0.9745 0.9744 0.9722 0.0000 0.0000 0.0000 0.0000 0.0000 0.0000
0.9756 0.9708 0.9724 0.9705 0.9704 0.0000 0.0000 0.0000 0.0000 0.0000
0.9748 0.9609 0.9671 0.9652 0.9682 0.9670 0.0000 0.0000 0.0000 0.0000
0.9711 0.9599 0.9640 0.9604 0.9627 0.9609 0.9498 0.0000 0.0000 0.0000
0.9648 0.9378 0.9504 0.9180 0.9354 0.9184 0.9431 0.9431 0.0000 0.0000
0.9344 0.8435 0.8642 0.6575 0.7802 0.8160 0.8662 0.8685 0.9245 0.0000
0.7951 0.7058 0.7214 0.4136 0.6013 0.4660 0.6749 0.7233 0.8650 0.9270
