0.9845 0.0000 0.0000 0.0000 0.0000 0.0000 0.0000 0.0000 0.0000 0.0000
0.9840 0.9735 0.0000 0.0000 0.0000 0.0000 0.0000 0.0000 0.0000 0.0000
0.9835 0.9719 0.9561 0.0000 0.0000 0.0000 0.0000 0.0000 0.0000 0.0000
0.9833 0.9699 0.9511 0.9433 0.0000 0.0000 0.0000 0.0000 0.0000 0.0000
0.9801 0.9681 0.9483 0.9278 0.9341 0.0000 0.0000 0.0000 0.0000 0.0000
0.9792 0.9649 0.9439 0.9160 0.9264 0.9282 0.0000 0.0000 0.0000 0.0000
0.9789 0.9600 0.9432 0.9152 0.9225 0.9211 0.9170 0.0000 0.0000 0.0000
0.9758 0.9581 0.9308 0.8996 0.9152 0.9116 0.9047 0.9065 0.0000 0.0000
0.9742 0.9539 0.9248 0.8925 0.9058 0.8976 0.8891 0.8972 0.9012 0.0000
0.9712 0.9486 0.9209 0.8995 0.9000 0.8962 0.8835 0.8893 0.8822 0.9008
