0.9851 0.0000 0.0000 0.0000 0.0000 0.0000 0.0000 0.0000 0.0000 0.0000
0.9848 0.9768 0.0000 0.0000 0.0000 0.0000 0.0000 0.0000 0.0000 0.0000
0.9849 0.9770 0.9778 0.0000 0.0000 0.0000 0.0000 0.0000 0.0000 0.0000
0.9840 0.9763 0.9770 0.9759 0.0000 0.0000 0.0000 0.0000 0.0000 0.0000
0.9834 0.9739 0.9755 0.9734 0.9724 0.0000 0.0000 0.0000 0.0000 0.0000
0.9826 0.9728 0.9729 0.9737 0.9677 0.9713 0.0000 0.0000 0.0000 0.0000
0.9820 0.9686 0.9709 0.9697 0.9646 0.9667 0.9694 0.0000 0.0000 0.0000
0.9815 0.9679 0.9671 0.9667 0.9613 0.9668 0.9650 0.9676 0.0000 0.0000
0.9796 0.9657 0.9609 0.9672 0.9604 0.9622 0.9605 0.9595 0.9652 0.0000
0.9781 0.9632 0.9592 0.9630 0.9589 0.9578 0.9574 0.9550 0.9636 0.9627
