0.9863 0.0000 0.0000 0.0000 0.0000 0.0000 0.0000 0.0000 0.0000 0.0000
0.9869 0.9667 0.0000 0.0000 0.0000 0.0000 0.0000 0.0000 0.0000 0.0000
0.9862 0.9521 0.9680 0.0000 0.0000 0.0000 0.0000 0.0000 0.0000 0.0000
0.9861 0.9335 0.9555 0.9686 0.0000 0.0000 0.0000 0.0000 0.0000 0.0000
0.9857 0.9313 0.9368 0.9573 0.9679 0.0000 0.0000 0.0000 0.0000 0.0000
0.9848 0.8947 0.9235 0.9459 0.9582 0.9667 0.0000 0.0000 0.0000 0.0000
0.9847 0.8549 0.8955 0.9288 0.9506 0.9544 0.9686 0.0000 0.0000 0.0000
0.9838 0.8351 0.8452 0.8944 0.9319 0.9414 0.9557 0.9660 0.0000 0.0000
0.9824 0.8416 0.8375 0.8638 0.8891 0.9158 0.9468 0.9528 0.9684 0.0000
0.9819 0.8246 0.8575 0.8285 0.8416 0.8630 0.9352 0.9335 0.9602 0.9646
