0.9863 0.0000 0.0000 0.0000 0.0000 0.0000 0.0000 0.0000 0.0000 0.0000
0.9214 0.9728 0.0000 0.0000 0.0000 0.0000 0.0000 0.0000 0.0000 0.0000
0.9089 0.9462 0.9562 0.0000 0.0000 0.0000 0.0000 0.0000 0.0000 0.0000
0.8519 0.8651 0.8886 0.9485 0.0000 0.0000 0.0000 0.0000 0.0000 0.0000
0.8147 0.8842 0.9211 0.8631 0.9437 0.0000 0.0000 0.0000 0.0000 0.0000
0.8376 0.8784 0.8878 0.8078 0.8914 0.9429 0.0000 0.0000 0.0000 0.0000
0.7755 0.8515 0.8792 0.7827 0.8785 0.9126 0.9317 0.0000 0.0000 0.0000
0.8461 0.7861 0.8781 0.7010 0.8591 0.8559 0.8169 0.9331 0.0000 0.0000
0.7732 0.7699 0.8650 0.6916 0.8579 0.8481 0.8476 0.8653 0.9347 0.0000
0.7605 0.7338 0.8798 0.7015 0.8496 0.7511 0.7769 0.7653 0.8970 0.9284
