0.9865 0.0000 0.0000 0.0000 0.0000 0.0000 0.0000 0.0000 0.0000 0.0000
0.9821 0.9653 0.0000 0.0000 0.0000 0.0000 0.0000 0.0000 0.0000 0.0000
0.9598 0.8426 0.9686 0.0000 0.0000 0.0000 0.0000 0.0000 0.0000 0.0000
0.9068 0.7547 0.8782 0.9671 0.0000 0.0000 0.0000 0.0000 0.0000 0.0000
0.8568 0.6478 0.8502 0.8822 0.9690 0.0000 0.0000 0.0000 0.0000 0.0000
0.8735 0.5916 0.8149 0.7965 0.9247 0.9732 0.0000 0.0000 0.0000 0.0000
0.7940 0.5256 0.7369 0.7102 0.8893 0.8706 0.9696 0.0000 0.0000 0.0000
0.8820 0.5613 0.6641 0.6180 0.7647 0.7053 0.7142 0.9685 0.0000 0.0000
0.8008 0.5293 0.8061 0.6106 0.7873 0.6521 0.8370 0.8598 0.9677 0.0000
0.7090 0.4188 0.6808 0.5900 0.6489 0.4476 0.7397 0.7090 0.9257 0.9692
