0.9858 0.0000 0.0000 0.0000 0.0000 0.0000 0.0000 0.0000 0.0000 0.0000
0.9736 0.9748 0.0000 0.0000 0.0000 0.0000 0.0000 0.0000 0.0000 0.0000
0.9514 0.9467 0.9771 0.0000 0.0000 0.0000 0.0000 0.0000 0.0000 0.0000
0.9108 0.9226 0.9651 0.9707 0.0000 0.0000 0.0000 0.0000 0.0000 0.0000
0.8071 0.8210 0.9581 0.9580 0.9737 0.0000 0.0000 0.0000 0.0000 0.0000
0.7711 0.7308 0.9152 0.9250 0.9580 0.9712 0.0000 0.0000 0.0000 0.0000
0.7446 0.7314 0.9167 0.9215 0.9449 0.9360 0.9698 0.0000 0.0000 0.0000
0.7932 0.6205 0.9071 0.8478 0.9311 0.9025 0.9301 0.9710 0.0000 0.0000
0.7238 0.6225 0.9015 0.8425 0.9044 0.8421 0.9268 0.9329 0.9714 0.0000
0.6889 0.5804 0.8831 0.8200 0.8685 0.7129 0.8882 0.8388 0.9516 0.9676
