0.9856 0.0000 0.0000 0.0000 0.0000 0.0000 0.0000 0.0000 0.0000 0.0000
0.9359 0.9828 0.0000 0.0000 0.0000 0.0000 0.0000 0.0000 0.0000 0.0000
0.8179 0.9479 0.9795 0.0000 0.0000 0.0000 0.0000 0.0000 0.0000 0.0000
0.7108 0.8472 0.9548 0.9750 0.0000 0.0000 0.0000 0.0000 0.0000 0.0000
0.6495 0.7248 0.9341 0.9121 0.9761 0.0000 0.0000 0.0000 0.0000 0.0000
0.6349 0.7458 0.8787 0.8465 0.9454 0.9713 0.0000 0.0000 0.0000 0.0000
0.5351 0.6897 0.8367 0.8035 0.9237 0.9139 0.9679 0.0000 0.0000 0.0000
0.5489 0.5660 0.7695 0.7226 0.8714 0.7893 0.8530 0.9682 0.0000 0.0000
0.5239 0.6694 0.8660 0.6716 0.8785 0.7323 0.8486 0.8626 0.9676 0.0000
0.4476 0.4995 0.8501 0.7107 0.7465 0.5021 0.7483 0.7175 0.9141 0.9654
