0.9796 0.0000 0.0000 0.0000 0.0000 0.0000 0.0000 0.0000 0.0000 0.0000
0.9779 0.9774 0.0000 0.0000 0.0000 0.0000 0.0000 0.0000 0.0000 0.0000
0.9755 0.9710 0.9808 0.0000 0.0000 0.0000 0.0000 0.0000 0.0000 0.0000
0.9606 0.9573 0.9737 0.9721 0.0000 0.0000 0.0000 0.0000 0.0000 0.0000
0.9418 0.9331 0.9646 0.9663 0.9701 0.0000 0.0000 0.0000 0.0000 0.0000
0.9349 0.9189 0.9188 0.9477 0.9570 0.9669 0.0000 0.0000 0.0000 0.0000
0.8228 0.8338 0.8780 0.8711 0.9404 0.9632 0.9657 0.0000 0.0000 0.0000
0.7406 0.7202 0.6705 0.7503 0.9041 0.9210 0.9354 0.9643 0.0000 0.0000
0.6002 0.5674 0.5337 0.5444 0.7157 0.7780 0.7907 0.9113 0.9594 0.0000
0.5142 0.5027 0.4799 0.4870 0.6547 0.6309 0.6936 0.7961 0.9304 0.9554
