0.6970 0.0000 0.0000 0.0000 0.0000 0.0000 0.0000 0.0000 0.0000 0.0000
0.5830 0.6370 0.0000 0.0000 0.0000 0.0000 0.0000 0.0000 0.0000 0.0000
0.5840 0.5590 0.6410 0.0000 0.0000 0.0000 0.0000 0.0000 0.0000 0.0000
0.5810 0.5380 0.5880 0.6790 0.0000 0.0000 0.0000 0.0000 0.0000 0.0000
0.5830 0.5470 0.6070 0.6700 0.5480 0.0000 0.0000 0.0000 0.0000 0.0000
0.6130 0.5230 0.5710 0.6520 0.5570 0.6660 0.0000 0.0000 0.0000 0.0000
0.6250 0.5320 0.5630 0.6560 0.5400 0.6630 0.6070 0.0000 0.0000 0.0000
0.6060 0.5350 0.5960 0.6430 0.5440 0.6530 0.5980 0.5980 0.0000 0.0000
0.6130 0.5620 0.5770 0.6550 0.5540 0.6400 0.6050 0.5740 0.6340 0.0000
0.5910 0.5750 0.6000 0.6500 0.5460 0.6430 0.5960 0.5850 0.6160 0.6440
