0.8259 0.0000 0.0000 0.0000 0.0000 0.0000 0.0000 0.0000 0.0000 0.0000 0.0000
0.7796 0.7730 0.0000 0.0000 0.0000 0.0000 0.0000 0.0000 0.0000 0.0000 0.0000
0.7812 0.7340 0.7400 0.0000 0.0000 0.0000 0.0000 0.0000 0.0000 0.0000 0.0000
0.7746 0.7480 0.6970 0.7100 0.0000 0.0000 0.0000 0.0000 0.0000 0.0000 0.0000
0.7554 0.7060 0.6300 0.6520 0.7310 0.0000 0.0000 0.0000 0.0000 0.0000 0.0000
0.7607 0.7130 0.6460 0.6690 0.7290 0.6450 0.0000 0.0000 0.0000 0.0000 0.0000
0.7685 0.6980 0.6470 0.6530 0.7100 0.6420 0.7360 0.0000 0.0000 0.0000 0.0000
0.7696 0.6880 0.6570 0.6640 0.7040 0.6490 0.7450 0.7520 0.0000 0.0000 0.0000
0.7701 0.6990 0.6660 0.6780 0.6990 0.6510 0.7300 0.7550 0.7060 0.0000 0.0000
0.7684 0.6950 0.6720 0.6840 0.7000 0.6530 0.7280 0.7590 0.7090 0.6500 0.0000
0.7637 0.7030 0.6620 0.6690 0.6870 0.6350 0.7200 0.7480 0.6970 0.6450 0.7020
