0.8289 0.0000 0.0000 0.0000 0.0000 0.0000 0.0000 0.0000 0.0000 0.0000 0.0000
0.7433 0.7970 0.0000 0.0000 0.0000 0.0000 0.0000 0.0000 0.0000 0.0000 0.0000
0.7225 0.6780 0.7490 0.0000 0.0000 0.0000 0.0000 0.0000 0.0000 0.0000 0.0000
0.6543 0.6490 0.6760 0.7830 0.0000 0.0000 0.0000 0.0000 0.0000 0.0000 0.0000
0.6964 0.6790 0.6270 0.7120 0.8040 0.0000 0.0000 0.0000 0.0000 0.0000 0.0000
0.6296 0.5990 0.5880 0.6470 0.7150 0.7730 0.0000 0.0000 0.0000 0.0000 0.0000
0.6252 0.5610 0.6310 0.5630 0.6870 0.6830 0.7880 0.0000 0.0000 0.0000 0.0000
0.6631 0.5890 0.6370 0.6070 0.7190 0.6540 0.7400 0.8390 0.0000 0.0000 0.0000
0.6477 0.5980 0.6260 0.5780 0.6710 0.6560 0.7100 0.8000 0.8160 0.0000 0.0000
0.6505 0.5960 0.6260 0.5850 0.6800 0.6770 0.7170 0.7650 0.7330 0.7840 0.0000
0.6360 0.5960 0.6060 0.6040 0.6800 0.6750 0.7290 0.7850 0.7320 0.7350 0.7890
