0.7170 0.0000 0.0000 0.0000 0.0000 0.0000 0.0000 0.0000 0.0000 0.0000
0.5510 0.6900 0.0000 0.0000 0.0000 0.0000 0.0000 0.0000 0.0000 0.0000
0.5120 0.5920 0.7180 0.0000 0.0000 0.0000 0.0000 0.0000 0.0000 0.0000
0.4920 0.5500 0.6450 0.7890 0.0000 0.0000 0.0000 0.0000 0.0000 0.0000
0.4740 0.5400 0.6580 0.7590 0.6630 0.0000 0.0000 0.0000 0.0000 0.0000
0.4510 0.4890 0.5960 0.7310 0.6000 0.7360 0.0000 0.0000 0.0000 0.0000
0.4910 0.5170 0.6140 0.7260 0.5940 0.7130 0.7050 0.0000 0.0000 0.0000
0.4230 0.5040 0.6260 0.7060 0.5960 0.6920 0.6780 0.6540 0.0000 0.0000
0.4720 0.5340 0.6080 0.7220 0.6090 0.6760 0.6560 0.6130 0.7140 0.0000
0.4850 0.5530 0.6170 0.7340 0.6120 0.6670 0.6800 0.6130 0.6930 0.7090
