0.8207 0.0000 0.0000 0.0000 0.0000 0.0000 0.0000 0.0000 0.0000 0.0000 0.0000
0.7933 0.7840 0.0000 0.0000 0.0000 0.0000 0.0000 0.0000 0.0000 0.0000 0.0000
0.7900 0.7270 0.7580 0.0000 0.0000 0.0000 0.0000 0.0000 0.0000 0.0000 0.0000
0.7698 0.6980 0.7300 0.7260 0.0000 0.0000 0.0000 0.0000 0.0000 0.0000 0.0000
0.7657 0.7040 0.7090 0.7020 0.7250 0.0000 0.0000 0.0000 0.0000 0.0000 0.0000
0.7641 0.6860 0.7080 0.7180 0.7130 0.6870 0.0000 0.0000 0.0000 0.0000 0.0000
0.7635 0.6730 0.7200 0.6780 0.7200 0.6560 0.7620 0.0000 0.0000 0.0000 0.0000
0.7707 0.6610 0.6970 0.6840 0.7290 0.6510 0.7320 0.8000 0.0000 0.0000 0.0000
0.7766 0.6790 0.7090 0.6700 0.6990 0.6770 0.7090 0.7430 0.7740 0.0000 0.0000
0.7607 0.6890 0.7160 0.6660 0.6950 0.6630 0.6990 0.7220 0.7480 0.7120 0.0000
0.7632 0.6760 0.6880 0.6990 0.7130 0.6730 0.7080 0.7550 0.7300 0.6860 0.7480
