0.8043 0.1018 0.0761 0.0956 0.1181 0.1031 0.0603 0.0783 0.1157 0.1096 0.1226 0.1038 0.0894 0.0653 0.0750 0.0803 0.0791 0.0692 0.0872 0.0789
0.8026 0.8328 0.0657 0.1098 0.1044 0.1163 0.1115 0.0632 0.1508 0.0429 0.1403 0.0587 0.1269 0.1010 0.0981 0.1298 0.0837 0.1067 0.0933 0.0838
0.6961 0.7715 0.8309 0.1140 0.0787 0.0910 0.1057 0.0554 0.1421 0.0418 0.1121 0.0742 0.1096 0.0860 0.0723 0.1503 0.0987 0.1301 0.0941 0.1018
0.7072 0.7863 0.7735 0.7658 0.1319 0.1109 0.0909 0.0694 0.0953 0.0817 0.1525 0.1136 0.0911 0.1170 0.0886 0.1018 0.1226 0.1306 0.0907 0.1214
0.7699 0.8237 0.7476 0.7966 0.8434 0.1181 0.1226 0.0848 0.0933 0.0771 0.1968 0.1132 0.1086 0.1170 0.0969 0.1271 0.1077 0.1029 0.0840 0.0880
0.6766 0.7417 0.7397 0.8029 0.8054 0.7930 0.1127 0.1023 0.1245 0.0929 0.1408 0.1323 0.1208 0.0788 0.0763 0.0958 0.0729 0.1326 0.1173 0.0979
0.6216 0.6719 0.6456 0.7468 0.7672 0.7573 0.7991 0.0678 0.1246 0.0890 0.1514 0.1173 0.0949 0.0733 0.0782 0.1206 0.0925 0.1106 0.0719 0.1014
0.6449 0.7052 0.5879 0.7006 0.7870 0.7205 0.8233 0.8142 0.1333 0.0911 0.1278 0.1107 0.1018 0.0590 0.0985 0.1084 0.0891 0.1202 0.1098 0.0891
0.6631 0.6759 0.6142 0.6735 0.7356 0.7277 0.7819 0.7742 0.8408 0.1149 0.1311 0.1010 0.1020 0.0849 0.0747 0.1100 0.0743 0.1213 0.1261 0.0714
0.5532 0.6551 0.5227 0.6944 0.6786 0.7284 0.7598 0.7598 0.7911 0.8345 0.0966 0.0869 0.1391 0.0745 0.0633 0.1096 0.0844 0.1172 0.1070 0.0598
0.4822 0.6513 0.6178 0.6723 0.6919 0.7098 0.7086 0.7067 0.7656 0.8071 0.8205 0.0739 0.1155 0.0801 0.0949 0.1176 0.1038 0.0774 0.1184 0.0925
0.5442 0.5868 0.5931 0.6963 0.6921 0.6971 0.6770 0.6752 0.7107 0.7238 0.6939 0.7917 0.1376 0.0874 0.0828 0.1159 0.0951 0.0914 0.1046 0.0917
0.3538 0.4730 0.4727 0.6051 0.6373 0.5666 0.6365 0.6124 0.5831 0.6444 0.7147 0.6628 0.7095 0.0971 0.0681 0.1326 0.0903 0.1002 0.1062 0.0773
0.5236 0.4880 0.5606 0.5719 0.7129 0.6109 0.5043 0.5812 0.6640 0.6540 0.7329 0.7548 0.7882 0.7987 0.0953 0.1030 0.0949 0.0698 0.0809 0.0890
0.5244 0.5757 0.5774 0.6760 0.6936 0.6602 0.5706 0.3838 0.6516 0.4889 0.5405 0.7298 0.7182 0.7281 0.7727 0.0900 0.1055 0.0962 0.0788 0.1090
0.4596 0.5317 0.5263 0.6833 0.6775 0.6043 0.5280 0.4221 0.6157 0.4701 0.6159 0.6712 0.6513 0.6871 0.7522 0.7841 0.1088 0.1253 0.0708 0.1170
0.4859 0.4814 0.5356 0.6058 0.6753 0.5185 0.5351 0.5194 0.6316 0.5793 0.6454 0.7051 0.6741 0.6870 0.7787 0.7870 0.8348 0.1105 0.0807 0.1041
0.4648 0.4120 0.5396 0.5729 0.5861 0.5962 0.5860 0.4691 0.6500 0.5419 0.6376 0.7035 0.7011 0.5842 0.7515 0.7610 0.7456 0.7876 0.0908 0.0939
0.5237 0.4241 0.5299 0.5664 0.6473 0.5521 0.5693 0.5319 0.6612 0.5483 0.6359 0.6972 0.7516 0.5262 0.7263 0.7237 0.7639 0.7571 0.7888 0.0921
0.3928 0.5050 0.5554 0.5893 0.6447 0.6395 0.6171 0.4948 0.6401 0.5284 0.7107 0.7183 0.6851 0.6286 0.7253 0.6294 0.7525 0.7161 0.8018 0.8004
