0.8043 0.1018 0.0761 0.0956 0.1181 0.1031 0.0603 0.0783 0.1157 0.1096 0.1226 0.1038 0.0894 0.0653 0.0750 0.0803 0.0791 0.0692 0.0872 0.0789
0.8283 0.8430 0.0607 0.1086 0.1064 0.1083 0.1141 0.0668 0.1462 0.0443 0.1379 0.0597 0.1312 0.0958 0.0984 0.1407 0.0882 0.1076 0.0889 0.0850
0.8254 0.8478 0.8154 0.1218 0.0842 0.0735 0.1139 0.0679 0.1447 0.0617 0.1333 0.0956 0.1186 0.0973 0.0891 0.1354 0.1140 0.1364 0.0745 0.1011
0.7948 0.8271 0.8376 0.7950 0.1297 0.1020 0.0904 0.0819 0.1002 0.0731 0.1621 0.1116 0.1030 0.1229 0.0989 0.1075 0.1266 0.1178 0.0695 0.1188
0.8259 0.8555 0.8453 0.8486 0.8375 0.1109 0.1034 0.0891 0.1203 0.0631 0.1808 0.1104 0.1235 0.1107 0.0871 0.1099 0.1265 0.1175 0.0708 0.0881
0.8153 0.8574 0.8427 0.8515 0.8511 0.8186 0.1060 0.0986 0.1156 0.0752 0.1663 0.1280 0.1307 0.0885 0.0778 0.1017 0.0983 0.1227 0.1030 0.1071
0.7714 0.8254 0.8271 0.8161 0.8243 0.8159 0.7974 0.0806 0.1117 0.0788 0.1765 0.1267 0.1142 0.0892 0.0741 0.1273 0.0985 0.1218 0.0818 0.1216
0.7933 0.8357 0.8354 0.8518 0.8522 0.8340 0.8553 0.8295 0.1169 0.0720 0.0978 0.0965 0.1114 0.0898 0.0850 0.1164 0.1028 0.1088 0.0910 0.0818
0.8157 0.8449 0.8286 0.8464 0.8507 0.8407 0.8514 0.8413 0.8447 0.0781 0.0927 0.1060 0.1286 0.1139 0.0983 0.1041 0.0895 0.1237 0.0903 0.0752
0.7972 0.8431 0.8222 0.8370 0.8308 0.8372 0.8498 0.8395 0.8493 0.8293 0.0938 0.1012 0.1373 0.0935 0.1117 0.0916 0.0802 0.1279 0.1059 0.0854
0.8142 0.8383 0.8111 0.8462 0.8401 0.8355 0.8453 0.8358 0.8492 0.8531 0.8384 0.0997 0.1293 0.0878 0.0908 0.0974 0.0950 0.1137 0.1014 0.0758
0.8048 0.8336 0.8205 0.8422 0.8492 0.8413 0.8433 0.8434 0.8480 0.8481 0.8542 0.8014 0.1172 0.0839 0.1097 0.0736 0.0845 0.1112 0.0942 0.0935
0.8082 0.8350 0.8146 0.8431 0.8390 0.8268 0.8442 0.8289 0.8505 0.8473 0.8479 0.8465 0.7895 0.1166 0.0993 0.0853 0.0971 0.1145 0.0936 0.0897
0.7907 0.8281 0.8119 0.8309 0.8421 0.8168 0.8408 0.8322 0.8305 0.8456 0.8387 0.8541 0.8398 0.8524 0.0984 0.0889 0.1039 0.1060 0.0806 0.0971
0.7908 0.8209 0.8065 0.8312 0.8445 0.8144 0.8268 0.8266 0.8257 0.8405 0.8311 0.8544 0.8419 0.8602 0.7993 0.0811 0.1004 0.1049 0.0800 0.0892
0.7984 0.8258 0.8127 0.8301 0.8400 0.8303 0.8487 0.8248 0.8442 0.8411 0.8363 0.8419 0.8415 0.8545 0.8553 0.8272 0.1100 0.1168 0.0950 0.1035
0.7936 0.8269 0.8078 0.8227 0.8231 0.8166 0.8450 0.8279 0.8288 0.8383 0.8318 0.8358 0.8421 0.8397 0.8613 0.8462 0.7858 0.1148 0.0955 0.1099
0.7701 0.8218 0.7950 0.8285 0.8229 0.8186 0.8425 0.8228 0.8164 0.8331 0.8190 0.8364 0.8307 0.8442 0.8328 0.8290 0.8392 0.7313 0.1125 0.1062
0.7795 0.8129 0.8053 0.8311 0.8293 0.8213 0.8398 0.8278 0.8301 0.8253 0.8212 0.8456 0.8412 0.8445 0.8402 0.8400 0.8582 0.8153 0.7309 0.1030
0.7812 0.8303 0.8113 0.8328 0.8294 0.8281 0.8439 0.8229 0.8290 0.8237 0.8226 0.8332 0.8343 0.8444 0.8612 0.8336 0.8659 0.8377 0.8485 0.8081
