0.2575 0.0918 0.1171 0.1264 0.0749 0.0750 0.0717 0.0886 0.0736 0.1118 0.1013 0.0822 0.1349 0.1345 0.0948 0.1037 0.1190 0.0958 0.1025 0.1008
0.2575 0.3703 0.1171 0.1264 0.0749 0.0750 0.0717 0.0886 0.0736 0.1118 0.1013 0.0822 0.1349 0.1345 0.0948 0.1037 0.1190 0.0958 0.1025 0.1008
0.2575 0.3703 0.4314 0.1264 0.0749 0.0750 0.0717 0.0886 0.0736 0.1118 0.1013 0.0822 0.1349 0.1345 0.0948 0.1037 0.1190 0.0958 0.1025 0.1008
0.2575 0.3703 0.4314 0.5052 0.0749 0.0750 0.0717 0.0886 0.0736 0.1118 0.1013 0.0822 0.1349 0.1345 0.0948 0.1037 0.1190 0.0958 0.1025 0.1008
0.2575 0.3703 0.4314 0.5052 0.5386 0.0750 0.0717 0.0886 0.0736 0.1118 0.1013 0.0822 0.1349 0.1345 0.0948 0.1037 0.1190 0.0958 0.1025 0.1008
0.2575 0.3703 0.4314 0.5052 0.5386 0.5774 0.0717 0.0886 0.0736 0.1118 0.1013 0.0822 0.1349 0.1345 0.0948 0.1037 0.1190 0.0958 0.1025 0.1008
0.2575 0.3703 0.4314 0.5052 0.5386 0.5774 0.6167 0.0886 0.0736 0.1118 0.1013 0.0822 0.1349 0.1345 0.0948 0.1037 0.1190 0.0958 0.1025 0.1008
0.2575 0.3703 0.4314 0.5052 0.5386 0.5774 0.6167 0.6114 0.0736 0.1118 0.1013 0.0822 0.1349 0.1345 0.0948 0.1037 0.1190 0.0958 0.1025 0.1008
0.2575 0.3703 0.4314 0.5052 0.5386 0.5774 0.6167 0.6114 0.6054 0.1118 0.1013 0.0822 0.1349 0.1345 0.0948 0.1037 0.1190 0.0958 0.1025 0.1008
0.2575 0.3703 0.4314 0.5052 0.5386 0.5774 0.6167 0.6114 0.6054 0.6555 0.1013 0.0822 0.1349 0.1345 0.0948 0.1037 0.1190 0.0958 0.1025 0.1008
0.2575 0.3703 0.4314 0.5052 0.5386 0.5774 0.6167 0.6114 0.6054 0.6555 0.6736 0.0822 0.1349 0.1345 0.0948 0.1037 0.1190 0.0958 0.1025 0.1008
0.2575 0.3703 0.4314 0.5052 0.5386 0.5774 0.6167 0.6114 0.6054 0.6555 0.6736 0.6778 0.1349 0.1345 0.0948 0.1037 0.1190 0.0958 0.1025 0.1008
0.2575 0.3703 0.4314 0.5052 0.5386 0.5774 0.6167 0.6114 0.6054 0.6555 0.6736 0.6778 0.6436 0.1345 0.0948 0.1037 0.1190 0.0958 0.1025 0.1008
0.2575 0.3703 0.4314 0.5052 0.5386 0.5774 0.6167 0.6114 0.6054 0.6555 0.6736 0.6778 0.6436 0.6887 0.0948 0.1037 0.1190 0.0958 0.1025 0.1008
0.2575 0.3703 0.4314 0.5052 0.5386 0.5774 0.6167 0.6114 0.6054 0.6555 0.6736 0.6778 0.6436 0.6887 0.6885 0.1037 0.1190 0.0958 0.1025 0.1008
0.2575 0.3703 0.4314 0.5052 0.5386 0.5774 0.6167 0.6114 0.6054 0.6555 0.6736 0.6778 0.6436 0.6887 0.6885 0.6247 0.1190 0.0958 0.1025 0.1008
0.2575 0.3703 0.4314 0.5052 0.5386 0.5774 0.6167 0.6114 0.6054 0.6555 0.6736 0.6778 0.6436 0.6887 0.6885 0.6247 0.6636 0.0958 0.1025 0.1008
0.2575 0.3703 0.4314 0.5052 0.5386 0.5774 0.6167 0.6114 0.6054 0.6555 0.6736 0.6778 0.6436 0.6887 0.6885 0.6247 0.6636 0.6565 0.1025 0.1008
0.2575 0.3703 0.4314 0.5052 0.5386 0.5774 0.6167 0.6114 0.6054 0.6555 0.6736 0.6778 0.6436 0.6887 0.6885 0.6247 0.6636 0.6565 0.6785 0.1008
0.2575 0.3703 0.4314 0.5052 0.5386 0.5774 0.6167 0.6114 0.6054 0.6555 0.6736 0.6778 0.6436 0.6887 0.6885 0.6247 0.6636 0.6565 0.6785 0.6674
