0.5764 0.1826 0.2090 0.1352 0.1216 0.1126 0.1260 0.0814 0.1317 0.1788 0.1143 0.1010 0.1239 0.1304 0.1952 0.0567 0.1605 0.0835 0.1156 0.0710
0.6298 0.7123 0.1984 0.1407 0.1286 0.1050 0.1296 0.1167 0.1110 0.1638 0.1359 0.0779 0.1160 0.1207 0.1883 0.0655 0.1384 0.0726 0.1404 0.1161
0.7022 0.7806 0.8002 0.1360 0.0996 0.0940 0.1266 0.0945 0.1181 0.1512 0.1115 0.0688 0.1183 0.1130 0.1791 0.0724 0.1533 0.0755 0.1665 0.0886
0.7065 0.7655 0.7820 0.8281 0.1095 0.1154 0.1395 0.1218 0.1278 0.1640 0.1181 0.0986 0.1146 0.1070 0.1681 0.0757 0.1512 0.0651 0.1631 0.0893
0.7544 0.6949 0.7984 0.8338 0.7903 0.1199 0.1536 0.1225 0.1282 0.1348 0.1293 0.1151 0.1132 0.1068 0.1763 0.1032 0.1365 0.0775 0.1382 0.0981
0.6628 0.7097 0.7821 0.8249 0.7969 0.7889 0.1557 0.1221 0.1193 0.1559 0.1378 0.1119 0.1109 0.1011 0.1502 0.0969 0.1426 0.0458 0.1599 0.0878
0.7133 0.7124 0.7756 0.8323 0.7865 0.7940 0.7642 0.0669 0.1338 0.1587 0.1368 0.0970 0.1149 0.1086 0.1594 0.0846 0.1690 0.0959 0.1561 0.0861
0.7149 0.6959 0.7922 0.8370 0.7974 0.7923 0.7672 0.7982 0.1260 0.1633 0.1056 0.0666 0.1064 0.0940 0.1093 0.0720 0.1235 0.0640 0.1114 0.0821
0.6478 0.7260 0.7772 0.8310 0.7934 0.7900 0.7734 0.7747 0.8085 0.1417 0.0965 0.0736 0.1112 0.0907 0.0998 0.0687 0.1044 0.0686 0.1273 0.0955
0.6205 0.7323 0.7736 0.8289 0.7908 0.7819 0.7482 0.7689 0.8003 0.7953 0.0788 0.0860 0.0976 0.0761 0.0836 0.0692 0.0949 0.0757 0.1003 0.0899
0.5232 0.7752 0.7447 0.7929 0.8106 0.7909 0.7956 0.7796 0.8009 0.7473 0.7915 0.0648 0.0874 0.0821 0.0930 0.0970 0.1308 0.0706 0.1143 0.0978
0.5417 0.7767 0.7723 0.8152 0.8206 0.7887 0.8073 0.7859 0.8121 0.7298 0.8052 0.8391 0.0792 0.0798 0.1079 0.0933 0.1271 0.0753 0.1060 0.0998
0.6088 0.7601 0.7884 0.8383 0.8160 0.7982 0.7837 0.7940 0.8136 0.7679 0.8246 0.8163 0.8209 0.0797 0.1007 0.0763 0.1142 0.0790 0.0996 0.0958
0.6144 0.7775 0.7583 0.8247 0.8026 0.8143 0.7983 0.8025 0.8100 0.7866 0.8025 0.8270 0.7941 0.8319 0.1358 0.0874 0.1623 0.0771 0.1372 0.1008
0.6067 0.7509 0.7613 0.8134 0.7888 0.7940 0.7886 0.8154 0.7671 0.7622 0.7852 0.7668 0.7552 0.7887 0.6473 0.0754 0.1517 0.0739 0.1187 0.1070
0.6219 0.7488 0.7685 0.8144 0.7959 0.7939 0.7915 0.8200 0.7754 0.7482 0.7866 0.7686 0.7539 0.8001 0.6450 0.7957 0.1568 0.0739 0.1238 0.1079
0.5696 0.7423 0.7536 0.8129 0.7944 0.7862 0.7673 0.7865 0.7683 0.7460 0.7751 0.7141 0.7535 0.8022 0.6589 0.7977 0.7853 0.0832 0.0919 0.0952
0.5417 0.7502 0.7461 0.8082 0.7906 0.7912 0.7750 0.7791 0.7945 0.7462 0.7719 0.7197 0.7368 0.7960 0.6908 0.8300 0.8083 0.8187 0.0932 0.0936
0.4928 0.7309 0.7058 0.7736 0.7594 0.7720 0.7482 0.7693 0.7576 0.7309 0.7300 0.7347 0.7021 0.7703 0.6300 0.8180 0.8004 0.7918 0.7966 0.1075
0.5034 0.7305 0.7021 0.7738 0.7454 0.7596 0.7479 0.7342 0.7253 0.7553 0.7053 0.7202 0.7180 0.7368 0.6281 0.7965 0.7810 0.7910 0.7663 0.8008
