0.7205 0.1027 0.0710 0.0972 0.1218 0.1203 0.0765 0.0706 0.1291 0.0834 0.1302 0.1012 0.0929 0.0737 0.0854 0.0954 0.0886 0.0682 0.1019 0.0556
0.7419 0.8165 0.0481 0.1327 0.1231 0.1364 0.0865 0.0888 0.1493 0.0558 0.1472 0.0785 0.1017 0.0977 0.1012 0.1015 0.1009 0.1193 0.0872 0.0732
0.7006 0.7986 0.8131 0.1213 0.0972 0.1051 0.0810 0.0580 0.1464 0.0667 0.1528 0.0937 0.1148 0.1101 0.0881 0.1214 0.1096 0.1268 0.1049 0.0999
0.7030 0.7700 0.7619 0.7848 0.1177 0.0909 0.0958 0.0645 0.1371 0.1019 0.1746 0.1036 0.0851 0.1063 0.1032 0.1095 0.1168 0.1183 0.0953 0.0837
0.6572 0.7356 0.7007 0.7795 0.8054 0.1400 0.1043 0.0964 0.1286 0.0947 0.2216 0.1055 0.1107 0.1043 0.1078 0.1216 0.1318 0.1256 0.1019 0.0550
0.5674 0.7094 0.6827 0.7594 0.7765 0.8026 0.0905 0.0999 0.1393 0.0960 0.2039 0.1151 0.1055 0.0915 0.0712 0.1195 0.1172 0.1364 0.1427 0.0751
0.6261 0.6605 0.5845 0.7304 0.7470 0.7584 0.8082 0.0797 0.1549 0.1017 0.1933 0.1102 0.0917 0.0950 0.0645 0.1361 0.1136 0.1162 0.1296 0.0972
0.6275 0.6545 0.5972 0.7169 0.7991 0.7298 0.7842 0.8083 0.1432 0.0955 0.1442 0.0972 0.1134 0.0953 0.0991 0.1108 0.0953 0.1304 0.1175 0.0717
0.6374 0.6477 0.5876 0.6833 0.7645 0.7062 0.7458 0.7981 0.8286 0.0968 0.1444 0.1002 0.1273 0.0855 0.0964 0.0925 0.0966 0.1416 0.1179 0.0582
0.5374 0.6472 0.5146 0.6616 0.6860 0.7047 0.7465 0.7393 0.7982 0.8210 0.1295 0.0949 0.1360 0.0826 0.0824 0.0925 0.0852 0.1389 0.1303 0.0545
0.3684 0.5384 0.5030 0.6474 0.6145 0.6840 0.6623 0.6970 0.7307 0.7964 0.8250 0.0809 0.1258 0.0684 0.0875 0.0958 0.0970 0.1182 0.1217 0.0856
0.4467 0.5057 0.5576 0.6039 0.6530 0.6817 0.6655 0.6586 0.7228 0.7351 0.7242 0.7946 0.1432 0.0596 0.0933 0.1066 0.1023 0.1684 0.1421 0.0824
0.4046 0.4385 0.4751 0.5566 0.6349 0.6061 0.6173 0.6079 0.7069 0.7267 0.7411 0.7318 0.7741 0.0663 0.0817 0.1254 0.0927 0.1556 0.1252 0.0917
0.4185 0.4249 0.4736 0.5433 0.6256 0.6105 0.4845 0.6522 0.7108 0.6882 0.7271 0.7201 0.7701 0.8270 0.0946 0.1145 0.1050 0.1328 0.1036 0.0977
0.5141 0.5442 0.5484 0.6672 0.6544 0.6087 0.5371 0.6716 0.7330 0.6528 0.5859 0.7436 0.7397 0.7774 0.7958 0.1020 0.0996 0.1495 0.0988 0.0968
0.3669 0.3761 0.4455 0.5270 0.6122 0.5849 0.5651 0.5822 0.6935 0.6449 0.6604 0.6706 0.7029 0.7889 0.7468 0.7645 0.1147 0.1641 0.0937 0.1150
0.4142 0.3456 0.4708 0.5227 0.6016 0.5871 0.5108 0.6231 0.6890 0.6351 0.6460 0.6246 0.6894 0.6888 0.7447 0.7738 0.8300 0.1531 0.1159 0.1119
0.3785 0.3458 0.4597 0.4465 0.5017 0.6046 0.5112 0.5539 0.6436 0.5990 0.5982 0.5715 0.6976 0.6432 0.7185 0.7829 0.7852 0.7857 0.1173 0.1080
0.4608 0.4003 0.4682 0.5069 0.5675 0.5678 0.5215 0.5427 0.6195 0.5558 0.6477 0.6646 0.7053 0.6403 0.7291 0.7710 0.8009 0.7882 0.7928 0.1066
0.3550 0.3594 0.4433 0.4520 0.5842 0.5923 0.5353 0.4953 0.5721 0.4985 0.6698 0.6193 0.6787 0.7330 0.7231 0.7141 0.7978 0.7809 0.7901 0.8147
